-0.371119
1.113358
-0.742239
0.371119
1.484478
-1.855597
-0.742239
-0.371119
2.226717
-0.371119
-2.226717
-2.597836
-3.340075
-2.597836
0.000000
-1.855597
0.000000
0.000000
-1.855597
-1.113358
-0.371119
-2.226717
3.340075
-2.226717
0.371119
-1.855597
-0.371119
-1.113358
-2.226717
-2.597836
-1.855597
-2.597836
2.226717
1.484478
-1.484478
-2.597836
0.371119
-1.113358
0.742239
-2.226717
5.937911
2.597836
-1.855597
1.484478
1.855597
0.000000
-3.340075
0.000000
1.113358
0.000000
2.226717
-2.226717
2.597836
1.113358
1.484478
-1.113358
-2.968956
-0.742239
-1.113358
-5.195672
-5.566792
-1.113358
-1.113358
2.597836
1.113358
-0.742239
0.000000
-1.855597
-1.484478
-2.226717
0.000000
-0.371119
-0.371119
-4.453433
-1.855597
0.742239
0.371119
-2.597836
2.226717
-0.371119
-1.113358
2.226717
1.484478
-2.597836
-1.113358
1.855597
-1.855597
-2.968956
0.742239
-2.597836
-1.484478
0.742239
-2.226717
0.000000
2.597836
-2.226717
-1.855597
-1.855597
-1.113358
0.742239
-1.113358
0.742239
-0.371119
-2.597836
0.742239
-1.484478
-0.742239
-1.484478
0.371119
1.113358
-1.855597
-2.597836
-5.195672
1.484478
2.597836
1.113358
-1.484478
-1.113358
-1.484478
-1.113358
-0.742239
-1.484478
-0.742239
0.000000
-0.371119
-0.742239
0.742239
-4.453433
