0 0 0 14.000000 14.021007 14.021007
0 1 0 47.000000 7.134862 7.134862
0 2 0 13.000000 13.894217 13.894217
0 3 0 16.000000 4.946891 4.946891
0 4 0 3.000000 3.801085 3.801085
0 5 0 0.000000 2.059893 2.059893
0 6 0 2.000000 0.651183 0.651183
0 7 0 0.000000 0.906295 0.906295
0 8 0 0.000000 -0.082216 -0.082216
0 9 0 0.000000 -0.689790 -0.689790
0 10 0 0.000000 0.040489 0.040489
0 11 0 2.000000 1.623123 1.623123
0 12 0 5.000000 3.117682 3.117682
0 13 0 7.000000 5.366017 5.366017
0 14 0 13.000000 7.447118 7.447118
0 15 0 14.000000 7.086474 7.086474
0 16 0 11.000000 8.068185 8.068185
0 17 0 11.000000 10.945905 10.945905
0 18 0 21.000000 13.333301 13.333301
0 19 0 28.000000 12.543559 12.543559
0 20 0 15.000000 12.911190 12.911190
0 21 0 17.000000 13.775221 13.775221
0 22 0 31.000000 20.697556 20.697556
0 23 0 50.000000 19.947821 19.947821
0 24 0 35.000000 24.671661 24.671661
0 25 0 28.000000 20.067734 20.067734
0 26 0 17.000000 19.295229 19.295229
0 27 0 25.000000 14.209881 14.209881
0 28 0 17.000000 14.350953 14.350953
0 29 0 20.000000 20.612175 20.612175
0 30 0 42.000000 18.302841 18.302841
0 31 0 31.000000 20.796753 20.796753
0 32 0 28.000000 16.857592 16.857592
0 33 0 21.000000 17.774965 17.774965
0 34 0 28.000000 16.786282 16.786282
0 35 0 28.000000 21.427164 21.427164
0 36 0 38.000000 25.834370 25.834370
0 37 0 50.000000 57.286602 57.286602
0 38 0 105.000000 69.831833 69.831833
0 39 0 108.000000 58.999161 58.999161
0 40 0 109.000000 87.158188 87.158188
0 41 0 185.000000 94.763786 94.763786
0 42 0 200.000000 78.343369 78.343369
0 43 0 104.000000 79.763199 79.763199
0 44 0 109.000000 103.309006 103.309006
0 45 0 241.000000 78.332901 78.332901
0 46 0 129.000000 90.933609 90.933609
0 47 0 137.000000 85.062683 85.062683
0 48 0 155.000000 76.274078 76.274078
0 49 0 106.000000 91.656189 91.656189
0 50 0 140.000000 77.658600 77.658600
0 51 0 141.000000 58.337761 58.337761
0 52 0 103.000000 58.807369 58.807369
0 53 0 99.000000 56.661480 56.661480
0 54 0 107.000000 59.545528 59.545528
0 55 0 115.000000 52.982666 52.982666
0 56 0 102.000000 53.012802 53.012802
0 57 0 105.000000 58.025864 58.025864
0 58 0 121.000000 60.292824 60.292824
0 59 0 122.000000 62.717091 62.717091
0 60 0 116.000000 62.483833 62.483833
0 61 0 122.000000 60.741055 60.741055
0 62 0 120.000000 61.898060 61.898060
0 63 0 125.000000 70.108780 70.108780
0 64 0 129.000000 94.171700 94.171700
0 65 0 212.000000 75.247040 75.247040
0 66 0 159.000000 85.353477 85.353477
0 67 0 143.000000 105.739471 105.739471
0 68 0 242.000000 118.663063 118.663063
0 69 0 252.000000 122.709076 122.709076
0 70 0 252.000000 121.440704 121.440704
0 71 0 254.000000 121.963371 121.963371
0 72 0 253.000000 122.152382 122.152382
0 73 0 252.000000 121.973000 121.973000
0 74 0 255.000000 121.740807 121.740807
0 75 0 251.000000 122.682426 122.682426
0 76 0 248.000000 119.589958 119.589958
0 77 0 251.000000 124.035965 124.035965
0 78 0 246.000000 116.410667 116.410667
0 79 0 240.000000 111.313667 111.313667
0 80 0 218.000000 111.647789 111.647789
0 81 0 227.000000 96.495735 96.495735
0 82 0 179.000000 84.283836 84.283836
0 83 0 133.000000 82.226227 82.226227
0 84 0 162.000000 69.259575 69.259575
0 85 0 121.000000 74.463570 74.463570
0 86 0 148.000000 62.214760 62.214760
0 87 0 128.000000 66.451904 66.451904
0 88 0 129.000000 66.191307 66.191307
0 89 0 140.000000 61.221207 61.221207
0 90 0 116.000000 63.385628 63.385628
0 91 0 120.000000 61.172611 61.172611
0 92 0 128.000000 63.090828 63.090828
0 93 0 129.000000 65.412689 65.412689
0 94 0 139.000000 69.883705 69.883705
0 95 0 148.000000 85.656120 85.656120
0 96 0 158.000000 82.875938 82.875938
0 97 0 139.000000 82.367088 82.367088
0 98 0 155.000000 70.331558 70.331558
0 99 0 112.000000 61.723137 61.723137
0 100 0 106.000000 56.092842 56.092842
0 101 0 103.000000 55.166431 55.166431
0 102 0 103.000000 54.963501 54.963501
0 103 0 102.000000 59.628334 59.628334
0 104 0 110.000000 60.350788 60.350788
0 105 0 113.000000 54.625084 54.625084
0 106 0 107.000000 54.630951 54.630951
0 107 0 103.000000 52.342274 52.342274
0 108 0 98.000000 51.334183 51.334183
0 109 0 97.000000 53.005100 53.005100
0 110 0 104.000000 53.122360 53.122360
0 111 0 110.000000 58.735081 58.735081
0 112 0 130.000000 53.488556 53.488556
0 113 0 89.000000 55.713314 55.713314
0 114 0 76.000000 39.797100 39.797100
0 115 0 62.000000 36.163700 36.163700
0 116 0 65.000000 34.457718 34.457718
0 117 0 71.000000 36.821239 36.821239
0 118 0 71.000000 38.667557 38.667557
0 119 0 68.000000 39.581078 39.581078
0 120 0 65.000000 40.665600 40.665600
0 121 0 82.000000 43.590008 43.590008
0 122 0 89.000000 40.147755 40.147755
0 123 0 72.000000 50.082428 50.082428
0 124 0 88.000000 57.798988 57.798988
0 125 0 99.000000 44.369518 44.369518
0 126 0 54.000000 37.550053 37.550053
0 127 0 59.000000 17.621845 17.621845
